7781504
11112064
16212224
19520288
24180768
28382432
30905504
34272960
36254720
38860928
40374080
42340672
43992192
44944672
46166432
46860864
47248896
47222176
47202752
47180896
47161472
47134752
47105632
47093504
47066816
47047424
47025600
47006208
46969824
46960160
46928672
46918976
46882656
46870560
46841504
46824576
46795552
46783456
46754432
46737504
46708512
46696448
46660192
46650528
46619168
46609504
46573312
46553984
46532288
46512992
46486464
46467200
46445504
46428640
46399744
46387712
46349184
46341952
46310688
46301056
46264960
46245728
46224096
46204864
46178432
46159232
46137600
46120800
46089600
46080000
46044000
46034400
46003232
45993632
45964864
45945696
45919328
45900160
45878592
45861856
45833120
45821152
45785248
45775680
45744608
45735040
45699168
45696800
45660928
45641824
45620352
45601248
45574976
45563040
45536800
45508160
45496256
45470016
45450944
45429504
45410432
45384224
45372320
45336608
45327072
45296160
45286624
45250944
45241440
45210528
45193888
45172512
45153504
45127360
45115488
45089376
45070368
45049024
45022912
45011072
44984960
44965984
44944672
44918592
44899648
44878336
44861760
44840448
44821504
44795456
44774176
44757600
44736320
44717408
44691392
44679584
44653600
44625248
44613440
44587456
44568576
44540256
44530816
44500160
44490720
44462432
44452992
44417664
44405888
44377600
44361120
44339936
44321088
44295200
44274048
44257568
44236416
44217600
44191744
44170592
44154144
44132992
44116544
44095424
44076640
44050816
44039104
44013280
43992192
43973440
43947648
43926560
43910144
43889056
43872672
43851584
43832864
43807136
43786080
43769696
43748640
43732288
43711232
43692544
43666848
43645824
43629472
43608448
43592096
43571104
43552416
43526752
43505792
43489440
43468480
43449824
43424192
43412544
43386912
43365984
43349664
43328736
43310112
43284512
43272896
43244992
43235680
43200832
43198496
43163648
43161312
43126496
43117216
43089344
43077760
43052224
43033664
43012800
42996576
42975712
42959488
42938624
42913152
42901568
42876096
42864512
42839072
42827488
42802048
42783552
42762752
42744256
42725760
42700320
42688800
42663392
42651840
42626432
42614912
42589504
42568736
42552608
42531840
42513408
42494976
42469632
42451200
42430464
42414336
42393632
42368288
42356800
42331488
42320000
42294688
42283200
42257920
42239520
42221152
42202752
42184384
42156832
42147648
42120128
42110944
42083424
42071936
42046720
42035264
42010048
41998592
41973408
41952800
41936768
41916160
41900128
41879552
41863520
41842944
41826944
41806368
41781216
41769792
41744640
41733248
41708096
41687552
41671584
41651040
41635072
41614560
41598592
41578080
41559840
41541600
41523360
41505152
41486912
41470976
41441408
41434560
41404992
41398144
41370880
41361760
41334496
41323136
41298144
41286784
41261792
41250432
41225440
41214112
41186880
41177792
41150592
41143776
41114304
41098432
41078048
41062176
41044064
41025920
41007808
40996512
40971584
40951232
40935392
40915040
40899200
40881120
40863040
40835936
40833664
40799776
40797536
40763648
40761408
40734336
40716288
40698240
40682432
40662144
40646368
40619328
40610304
40583264
40574272
40547232
40544992
40517984
40502240
40481984
40466240
40446016
40430272
40412288
40401056
40376320
40356128
40340384
40322432
40311200
40286528
40275296
40250624
40232672
40221472
40196800
40185600
40160960
40143040
40131840
40107200
40096000
40071360
40060192
40042272
40017664
40006496
39988608
39970720
39952832
39928256
39917088
39899232
39883584
39863520
39847872
39821088
39812192
39785408
39783200
39756416
39747520
39720768
39714080
39687360
39676224
39651712
39640608
39622784
39607200
39580512
39571616
39544928
39542720
39516032
39507136
39480480
39464928
39447168
39436064
39411648
39400544
39382784
39367264
39347296
39329568
39314048
39294112
39278592
39260864
39249792
39225408
39214368
39187776
39181152
39154592
39143552
39119200
39108160
39090464
39075008
39055104
39039648
39021984
39002112
38986656
38968992
38957952
38940288
38916032
38904992
38887360
38871936
38852096
38834464
38819040
38801440
38790432
38766208
38755200
38737600
38722176
38704576
38693600
38667200
38658400
38634240
38625440
38599072
38588096
38570528
38555168
38537600
38526624
38502496
38484928
38473984
38449856
38438912
38421376
38406016
38388512
38368800
38353440
38335936
38324992
38307488
38292160
38272480
38254976
38239680
38222208
38211264
38187232
38169760
38158848
38141376
38126080
38108608
38088992
38080256
38056256
38045344
38027904
38010464
37995200
37977760
37966880
37942912
37932032
37914624
37899392
37879808
37871104
37844992
37838464
37812352
37801504
37784096
37768896
37751520
37740672
37723296
37708096
37682048
37679872
37653824
37645152
37621280
37612608
37586592
37577920
37558432
37543264
37525920
37515104
37497792
37482624
37465312
37445856
37437184
37413408
37404736
37385280
37376640
37352864
37335584
37324800
37307520
37292384
37275136
37257856
37247072
37229792
37214720
37197440
37186688
37169440
37154336
37137088
37126336
37100480
37094016
37068192
37066048
37040224
37033760
37007936
36999328
36980000
36971392
36947744
36936992
36919808
36902624
36887584
36870400
36859680
36842528
36827488
36810336
36793184
36782464
36765312
36750304
36733152
36722432
36705312
36688160
36673184
36656032
36645344
36628224
36611104
36596128
36579040
36568352
36551232
36536288
36519168
36508512
36491424
36482880
36459392
36442304
36433760
36414560
36406016
36388960
36365504
36356992
36339936
36329280
36312224
36297312
36280288
36269632
36246208
36237696
36218560
36210048
36186624
36178144
36159008
36144096
36127104
36116480
36099488
36084608
36067616
36050656
36040032
36023072
36014560
35997600
35982752
35965792
35948832
35938240
35921280
35906432
35889504
35881024
35855616
35853504
35830208
35821760
35802720
35794240
35770976
35760416
35743488
35735040
35718144
35703360
35686464
35675904
35652672
35644224
35625216
35618880
35593568
35591456
35568256
35557728
35540864
35526112
35509248
35500832
35481888
35473440
35456608
35439776
35425024
35408192
35397696
35380864
35372448
35355616
35340896
35324096
35307296
35296800
35280000
35271584
35254784
35237984
35223296
35206528
35198144
35181344
35170880
35154112
35139424
35120576
35114272
35095424
35080768
35064000
35053536
35036800
35028448
35011712
34997056
34980320
34963584
34955232
34938528
34928064
34911360
34903008
34886304
34871680
34854976
34838272
34827840
34811168
34802816
34786112
34771520
34754848
34746528
34721504
34719424
34696512
34688192
34669440
34661120
34644480
34629920
34613280
34604960
34588320
34571680
34561280
34546720
34536352
34519712
34511424
34494816
34478208
34463648
34447072
34438752
34422176
34411808
34397280
34380704
34370336
34353760
34345472
34328896
34312320
34297824
34281248
34272960
34256416
34246080
34231584
34215040
34204704
34188160
34179904
34163360
34148896
34132384
34124096
34107584
34091072
34080768
34066304
34056000
34039488
34031232
34014752
34000288
33989984
33973504
33959072
33942592
33934368
33917888
33909664
33893184
33876736
33868480
33852032
33841760
33825312
33817088
33800640
33784192
33775968
33759520
33745152
33734880
33720512
33704096
33693824
33679456
33663040
33654848
33638432
33628192
33613824
33597440
33587200
33572864
33562624
33546240
33538048
33521664
33507328
33497088
33480736
33466400
33456192
33441856
33425504
33415296
33400992
33384640
33376480
33360128
33351968
33333600
33327488
33309120
33300960
33278496
33276480
33254048
33245888
33229568
33221408
33205120
33194944
33180672
33164384
33156256
33139968
33129792
33115552
33099264
33091136
33074848
33064704
33050464
33040320
33026080
33015936
32999680
32991552
32975296
32959072
32950944
32934720
32926592
32910368
32902272
32879936
32871840
32855616
32847520
32829280
32821184
32804992
32796896
32780704
32772608
32756416
32748320
32732128
32717952
32707872
32691680
32683584
32667424
32653280
32643200
32629056
32618944
32604800
32594720
32580608
32564448
32556384
32540256
32532192
32516064
32508000
32491872
32475744
32467680
32451552
32443520
32427392
32419360
32403232
32395200
32379104
32363008
32354976
32338880
32330848
32314752
32306720
32290656
32280608
32266528
32256512
32242432
32232416
32216352
32208320
32192288
32184256
32168192
32160192
32144160
32130112
32120096
32106080
32098048
32082048
32066016
32058016
32048000
32033984
32024000
32009984
32000000
31985984
31969984
31961984
31946016
31944000
31922016
31912032
31898080
31890080
31874112
31866112
31850144
31840192
31826208
31816256
31802304
31792320
31778368
31768416
31752480
31744512
31728576
31720608
31704672
31696704
31674816
31672832
31650944
31648960
31633056
31619136
31609184
31601248
31585344
31577376
31561504
31553568
31531712
31529728
31513856
31505920
31490048
31484096
31466240
31458304
31442432
31434496
31418656
31404768
31396864
31380992
31373088
31357248
31349312
31339424
31323584
31315680
31299872
31291936
31278112
31268224
31254368
31246464
31230656
31222752
31206944
31197088
31183264
31173408
31165504
31149696
31141824
31126048
31118144
31104352
31088576
31080672
31070816
31057024
31047200
31039296
31023552
31015680
31001888
30986144
30978272
30968448
30954656
30944832
30936960
30921248
30907456
30899616
30883904
30876032
30866208
30852448
30842656
30826944
30819072
30805344
30797504
30781792
30773952
30758272
30750432
30740640
30732800
30711232
30709280
30687712
30685760
30670112
30664224
30646592
30640736
30623136
30615296
30601600
30591840
30578144
30570304
30554688
30544928
30537088
30523424
30513664
30500000
30490240
30482432
30466816
30459008
30445344
30435584
30421920
30412192
30404384
30388800
30380992
30367360
30359552
30343968
30334240
30326464
30310880
30303104
30289472
30281696
30266144
30256416
30248640
30233088
30225312
30211680
30203904
30188384
30178656
30170912
30155360
30147584
30134016
30126240
30110720
30101024
30093280
30079680
30069984
30056416
30048672
30031232
30025408
30009920
30008000
29992512
29986688
29969280
29963456
29947968
29946048
29924768
29922848
29907360
29901568
29886112
29876448
29862912
29855168
29845536
29837792
29822336
29814624
29801120
29793408
29777952
29770240
29760608
29752896
29731680
29729760
29714336
29708544
29693120
29683488
29670016
29662304
29652672
29644992
29629600
29621888
29608416
29598816
29591104
29575712
29568032
29554592
29546880
29537280
29521920
29514240
29500800
29493120
29483520
29470080
29460480
29447040
29439360
29429792
29422112
29406752
29401024
29383776
29378016
29362688
29360768
29345440
29339712
29322464
29314816
29301408
29293760
29284192
29276544
29261248
29247840
29240192
29230656
29223008
29209632
29201984
29186688
29179040
29169504
29156128
29148512
29138976
29125600
29116064
29108448
29095072
29085536
29077920
29062688
29055040
29041696
29032192
29024576
29011232
29003616
28994112
28986496
28971264
28965536
28948416
28942720
28927488
28919904
28910400
28902784
28889472
28881888
28872384
28864800
28849600
28836288
28828704
28819232
28811616
28798336
28788864
28781280
28768000
28760416
28745248
28737664
28728192
28720608
28707328
28697888
28690304
28677056
28669472
28660000
28644864
28637312
28624064
28616480
28607040
28599456
28586240
28578688
28563552
28561664
28546560
28540896
28525792
28518240
28508800
28501248
28486144
28478592
28465376
28455968
28448416
28435200
28427680
28418240
28410720
28397504
28388096
28380576
28367392
28359840
28350432
28342912
28329728
28322208
28312800
28299616
28292096
28282720
28275200
28262016
28252640
28237600
28231968
28216928
28215072
28200032
28192512
28179392
28171872
28162496
28155008
28141856
28134368
28124992
28111872
28104352
28095008
28087488
28074368
28065024
28057536
28044416
28036928
28027584
28020096
28006976
27999488
27984544
27982656
27967712
27962080
27947136
27939680
27930336
27922848
27909760
27902304
27892960
27885504
27872416
27864960
27855648
27848160
27835104
27825792
27818336
27805280
27797824
27788512
27781056
27768000
27758688
27751232
27738208
27730752
27721440
27713984
27706560
27699104
27686080
27676800
27669344
27656320
27648896
27639584
27632160
27619168
27609856
27602432
27589440
27582016
27572736
27565312
27557888
27544896
27537472
27528192
27520768
27507776
27498528
27491104
27478112
27470720
27461440
27448480
27441056
27431808
27426240
27416992
27409600
27396640
27389248
27380000
27367040
27359648
27350400
27343008
27330048
27320832
27313440
27300480
27298656
27285728
27278336
27269088
27256160
27248800
27239552
27232192
27219264
27210048
27202688
27195296
27187936
27175008
27167648
27152896
27151072
27136320
27130816
27121600
27116064
27101344
27093984
27084800
27077440
27064544
27057184
27049824
27042496
27033280
27025952
27013056
27003872
26996544
26983680
26976320
26968992
26961632
26952480
26945120
26930432
26924928
26910272
26908448
26895584
26888256
26879104
26871776
26858944
26851616
26842464
26835136
26822304
26820480
26805824
26800320
26785696
26778368
26771072
26763744
26754592
26747296
26734496
26727168
26719872
26710720
26703424
26690624
26683328
26674208
26668704
26654112
26652288
26637696
26630400
26623104
26615808
26603040
26595744
26586624
26579328
26572032
26559264
26552000
26542880
26535584
26528320
26521024
26508288
26499200
26491904
26479168
26471904
26464608
26455520
26448256
26435520
26428256
26420992
26413728
26404640
26391904
26390112
26377376
26370112
26361056
26353792
26346528
26333824
26326560
26317504
26312064
26302976
26295744
26283040
26275808
26268544
26259488
26252256
26239552
26237760
26225088
26217824
26208800
26201536
26194304
26181632
26174400
26165376
26159936
26150912
26143680
26131008
26123776
26116544
26107520
26100288
26087648
26085856
26073216
26065984
26056960
26049760
26042528
26029888
26022688
26015456
26008256
25999232
25992032
25984832
25972224
25964992
25956000
25950592
25941600
25934400
25927200
25914592
25907392
25898400
25892992
25884000
25876800
25864224
25857024
25849824
25840832
25835456
25826464
25813888
25806720
25799520
25792352
25783360
25777984
25768992
25756448
25749280
25742080
25734912
25725952
25718784
25711616
25699072
25691904
25684736
25677568
25668608
25661440
25654272
25641728
25634560
25627424
25620256
25611296
25604160
25596992
25584480
25577312
25570176
25563008
25554080
25548736
25539776
25532640
25520128
25518368
25505856
25504064
25489792
25484416
25475520
25468384
25455872
25454112
25441600
25434464
25427360
25420224
25411296
25405952
25391712
25389920
25377440
25375680
25361440
25356096
25347200
25340064
25332960
25320480
25318720
25306272
25304480
25290272
25284928
25276032
25268928
25261824
25254720
25242272
25240512
25228064
25219200
25213856
25204992
25197888
25190784
25178368
25176608
25164160
25157088
25149984
25142912
25134048
25126944
25119872
25112768
25105696
25093280
25091520
25079104
25072032
25064960
25057888
25050784
25041952
25034880
25027808
25020736
25008352
25006592
24994208
24987136
24980064
24971232
24965920
24957088
24950048
24942976
24930624
24928832
24916480
24909440
24902368
24895328
24886496
24879456
24872384
24865344
24858272
24851232
24844192
24831840
24830080
24817760
24810720
24803680
24796640
24789600
24780800
24775520
24761440
24761440
24747360
24745600
24733280
24731520
24719232
24712192
24705152
24698144
24689344
24684064
24675296
24670016
24655968
24654240
24641952
24640192
24627904
24620896
24613856
24606848
24599840
24592832
24584064
24577056
24570048
24563040
24556032
24549024
24542016
24529728
24528000
24513984
24513984
24500000
24500000
24485984
24480736
24473728
24466752
24458016
24451008
24444032
24437024
24430048
24417792
24416064
24403840
24402080
24389856
24388128
24375904
24374144
24361920
24354944
24346240
24340992
24332288
24327040
24318336
24311360
24304384
24297408
24290432
24283456
24276512
24269536
24262560
24250368
24243424
24236448
24229472
24222528
24215552
24208608
24201632
24192960
24187744
24179040
24173824
24165152
24159936
24151232
24146016
24137344
24130400
24123456
24116512
24109568
24102624
24095680
24088736
24081792
24074848
24067904
24060960
24048832
24047104
24034976
24033216
24021088
24019360
24007232
24005504
23993376
23991648
23979520
23972608
23965664
23958752
23951840
23944928
23937984
23931072
23922432
23917248
23908608
23903424
23894784
23889600
23880960
23875776
23867136
23861952
23853312
23848128
23839488
23834304
23825696
23818784
23811872
23804992
23798080
23791200
23784288
23777408
23765312
23765312
23751552
23751552
23737760
23736032
23729152
23717088
23715360
23703328
23701600
23689536
23687840
23675776
23674080
23667200
23660320
23653440
23641376
23639680
23627648
23625920
23613888
23612192
23605312
23598432
23591552
23579552
23577824
23565824
23564096
23552096
23545216
23538368
23531488
23529792
23517792
23516064
23504064
23502368
23495488
23483488
23481792
23469792
23468096
23461248
23454400
23447552
23440704
23433856
23427008
23420160
23413312
23406464
23399616
23392800
23385952
23379104
23372256
23365440
23360320
23351776
23346624
23338112
23331264
23326144
23317600
23312480
23303936
23297120
23292000
23283488
23278368
23269824
23264704
23257888
23249376
23244256
23235744
23230624
23223808
23216992
23208480
23203360
23194848
23194848
23182912
23176128
23169312
23162496
23155712
23153984
23142080
23140384
23133600
23121696
23120000
23113184
23106400
23099584
23092800
23085984
23079200
23072416
23065632
23060512
23052032
23046944
23040160
23033376
23026592
23019808
23013024
23006240
22999456
22992672
22990976
22979104
22977408
22965536
22963840
22952000
22950304
22938432
22936736
22929984
22923200
22916448
22909664
22902912
22896128
22889376
22882592
22877536
22870752
22864000
22857248
22850464
22843712
22836960
22835264
22823456
22816672
22815008
22803168
22801504
22794752
22788000
22781248
22774496
22767744
22760992
22755936
22749184
22742432
22734016
22728960
22720512
22720512
22708736
22707040
22695264
22693568
22681792
22680096
22673376
22666624
22659904
22654848
22646432
22639712
22634656
22627936
22621216
22614464
22607744
22601024
22594304
22592640
22585920
22579200
22572480
22565760
22559040
22552320
22547264
22540576
22532160
22527136
22520416
22513696
22507008
22505312
22498624
22491904
22480160
22480160
22471808
22466752
22458400
22458400
22446656
22439968
22433248
22431584
22419872
22418208
22411488
22404800
22398112
22391424
22386400
22379712
22373024
22366336
22359648
22352960
22346272
22344608
22337920
22331232
22324544
22319520
22312864
22306176
22299488
22292832
22286144
22279456
22277792
22271136
22264448
22257792
22252768
22244448
22239424
22232768
22231104
22219424
22217760
22211104
22204448
22197760
22192768
22186112
22177792
22172800
22166144
22159488
22152832
22151168
22144512
22137856
22131200
22124544
22119552
22112896
22106240
22099584
22097952
22086304
22084640
22073024
22073024
22064704
22059712
22051424
22046432
22039808
22038144
22026528
22019904
22018240
22011584
22006624
22000000
21993344
21986720
21980096
21978432
21971808
21965184
21958560
21953568
21945312
21940320
21933696
21932064
21920448
21918816
21912192
21905568
21898944
21893984
21887360
21880736
21874144
21872480
21865856
21859264
21854304
21846048
21841088
21834464
21832832
21826208
21819616
21812992
21806400
21801440
21794848
21788224
21781632
21780000
21768448
21766784
21760192
21753600
21748640
21740416
21740416
21728864
21727232
21720640
21715680
21707456
21702496
21695904
21694272
21682752
21681088
21674528
21669568
21662976
21656416
21649824
21643264
21641600
21635040
21630080
21623520
21616928
21610368
21603776
21602144
21595584
21590656
21584064
21577504
21570944
21569312
21562720
21556160
21549600
21543040
21536480
21531552
21524992
21523360
21516800
21510240
21503680
21497120
21492192
21485632
21484000
21477440
21470880
21464352
21459424
21452864
21446336
21444672
21438144
21431584
21426688
21420128
21413600
21407040
21405408
21398880
21393952
21387424
21380864
21374336
21372704
21366176
21359648
21354720
21348192
21341664
21335136
21333504
21326976
21320448
21315552
21309024
21307392
21300864
21294336
21287808
21281280
21276384
21269856
21268224
21261696
21255200
21248672
21242144
21237248
21230752
21229120
21222592
21217696
21211200
21204672
21203072
21196544
21190048
21183520
21178656
21172128
21165632
21164000
21157504
21152608
21146112
21144480
21137984
21131488
21124992
21118496
21113600
21107104
21100608
21099008
21092512
21087616
21081120
21079520
21073024
21066528
21060032
21055168
21048672
21047072
21035712
21035712
21027584
21022720
21016256
21014624
21008160
21001664
20995200
20990336
20983840
20982240
20975744
20969280
20964416
20957952
20956320
20949856
20943392
20938528
20932064
20930432
20919104
20917504
20911040
20906176
20899712
20898112
20886784
20885184
20878720
20873856
20867392
20865792
20854496
20854496
20846400
20846400
20835104
20833504
20827040
20822208
20815744
20814144
20807680
20801248
20796384
20789952
20783488
20781888
20775456
20770592
20764160
20757728
20751264
20749664
20743232
20738400
20731968
20730336
20723904
20719072
20711040
20711040
20699776
20699776
20691744
20686912
20680480
20678880
20672448
20667616
20661184
20659584
20653152
20646720
20641888
20635488
20633888
20627456
20621024
20616224
20609792
20608192
20601760
20595360
20590528
20584128
20577696
20576096
20569696
20564864
20558464
20556864
20550432
20544032
20539232
20532832
20526400
20524800
20518400
20513600
20507200
20500800
20499200
20492800
20488000
20481600
20480000
20473600
20468800
20462400
20460800
20454400
20449600
20443200
20436800
20435200
20428832
20424032
20417632
20411232
20409632
20403264
20398464
20392064
20390496
20384096
20379296
20372928
20371328
20364960
20360160
20353792
20352192
20345792
20339424
20334656
20328256
20326688
20320288
20315520
20309152
20302784
20301184
20294816
20290016
20283648
20277280
20275712
20269344
20264544
20258176
20256608
20250240
20245472
20239104
20237504
20231136
20226368
20220000
20218432
20212064
20207296
20200928
20199360
20192992
20186656
20181888
20175520
20173952
20167584
20162816
20156480
20154880
20148544
20143776
20137440
20135840
20129504
20124736
20118400
20116800
20110464
20105696
20099360
20093024
20091456
20085120
20080352
20074016
20072448
20066112
20061344
20055008
20053440
20047104
20042336
20036032
20034432
20028096
20023360
20017024
20015456
20009120
20004384
19998048
19996480
19991744
19985408
19983840
19977504
19972768
19966432
19960128
19958560
19952224
19947488
19941184
19939584
19933280
19928544
19922240
19920672
19915936
19909600
19903296
19901728
19895424
19890688
19889120
19882816
19878080
19876512
19865472
19865472
19857600
19857600
19846560
19846560
19840256
19833952
19832384
19826080
19821376
19819808
19813504
19808768
19802496
19800896
19794624
19789888
19783616
19782048
19775744
19775744
19764736
19764736
19756896
19752160
19750592
19744320
19739584
19738016
19727040
19727040
19720768
19719200
19712896
19708192
19701920
19700352
19694080
19689376
19683104
19681536
19675264
19670560
19668992
19662720
19658016
19651744
19650176
19643904
19639200
19632928
19631360
19626656
19620384
19614144
19612576
19606304
19601600
19600032
19593792
19589088
19582816
19581280
19575008
19570304
19568768
19562496
19557792
19556256
19549984
19545312
19539040
19537472
19532800
19526560
19524992
19518752
19514048
19507808
19506240
19501568
19495328
19493760
19487520
19482816
19476576
19475040
19470336
19464096
19462560
19456320
19451616
19445376
19443840
19439168
19432928
19431360
19425120
19420448
19414208
19412672
19408000
19401760
19400192
19393984
19389312
19387744
19381536
19376864
19375296
19369088
19362848
19358176
19356640
19351968
19345728
19344192
19337952
19333312
19331744
19325536
19320864
19314656
19313088
19308448
19302208
19300672
19294464
19289792
19288256
19282048
19277376
19271168
19269632
19264960
19258752
19257216
19252544
19246336
19244800
19238592
19233952
19227744
19226176
19221536
19215328
19213792
19209120
19202944
19201376
19195200
19190560
19188992
19184352
19176608
19176608
19170432
19165760
19159584
19158048
19153376
19147200
19145664
19141024
19134816
19133280
19127104
19127104
19116288
19116288
19110080
19108544
19102368
19097728
19091552
19090016
19085376
19083840
19077664
19073024
19066848
19065312
19059136
19054496
19052960
19048320
19042144
19040608
19034432
19029792
19028256
19022112
19017472
19011296
19009760
19005152
19003584
18997440
18992800
18986656
18986656
18978944
18978944
18972800
18968160
18962016
18960480
18955840
18954304
18948160
18943520
18937376
18935840
18931232
18925088
18923552
18918912
18917376
18911232
18906624
18905088
18900480
18894336
18888192
18886656
18882048
18880512
18874368
18869760
18868224
18862080
18857472
18851328
18849792
18845184
18843648
18837504
18832896
18831360
18825248
18820640
18819104
18814496
18808352
18806816
18800704
18796096
18789952
18789952
18783840
18782304
18776192
18771584
18770048
18765440
18759328
18757792
18753216
18747072
18745536
18740960
18739424
18733312
18727200
18722592
18721056
18716480
18710368
18708832
18704256
18702720
18696608
18692000
18690496
18684384
18679776
18678272
18672160
18667552
18666048
18661440
18655328
18653824
18649248
18643136
18641600
18635488
18630912
18629408
18623296
18618720
18617184
18612608
18606496
18604992
18600416
18594304
18592800
18588224
18586688
18580608
18576032
18574496
18569920
18563840
18563840
18557728
18556224
18550112
18545568
18544032
18537952
18533376
18531872
18527296
18521216
18519680
18515104
18513600
18507520
18502944
18501440
18495360
18490784
18489280
18484704
18478624
18477120
18471040
18471040
18464960
18460384
18454304
18452800
18448256
18446720
18440640
18436096
18434592
18430016
18423936
18422432
18417888
18416352
18411808
18405760
18404224
18399680
18398176
18392096
18387552
18386048
18379968
18375424
18369344
18369344
18363296
18363296
18357248
18355712
18349664
18345120
18343616
18339072
18333024
18331488
18326944
18320896
18319392
18314848
18313344
18307296
18307296
18301248
18296704
18295200
18289152
18284608
18283104
18278560
18272512
18271008
18266464
18260416
18258912
18254368
18252864
18248320
18246816
18240800
18236256
18234752
18228704
18224192
18222656
18218144
18212096
18212096
18206080
18204576
18198528
18198528
18192512
18192512
18186464
18181952
18175904
18174400
18169888
18168384
18163840
18162336
18156320
18151808
18150304
18144288
18139744
18138240
18133728
18132224
18127712
18121696
18120192
18115680
18109664
18108160
18103648
18102144
18097632
18096128
18090112
18085600
18084096
18079584
18073568
18072064
18067552
18066048
18060032
18060032
18054016
18049504
18048032
18042016
18037504
18036000
18031488
18029984
18024000
18019488
18017984
18013472
18012000
18007488
18001472
18000000
17995488
17993984
17989472
17983488
17981984
17977504
17976000
17969984
17969984
17964000
17959520
17958016
17953504
17947520
17946016
17941536
17940032
17935552
17929568
17928064
17923552
17922080
17917568
17916096
17910112
17905600
17904128
17899616
17893632
17893632
17887648
17886176
17881664
17880192
17874208
17869728
17868224
17863744
17862240
17856288
17856288
17850304
17845824
17844320
17839840
17838336
17833856
17827904
17826400
17821920
17820448
17814464
17809984
17808512
17804032
17802528
17798048
17796576
17792096
17786112
17784640
17780160
17778656
17774208
17768224
17766752
17762272
17760800
17756320
17750368
17750368
17744384
17742912
17738432
17736960
17732480
17726528
17726528
17720576
17719104
17714624
17713152
17708672
17707200
17701248
17696768
17695296
17690816
17689344
17684864
17678944
17677440
17672992
17671488
17667040
17665568
17661088
17659616
17653664
17653664
17647712
17643264
17641792
17637344
17631392
17629920
17625440
17623968
17619520
17618048
17613568
17612096
17606176
17606176
17600224
17595776
17594304
17589856
17588352
17582432
17582432
17576512
17572064
17570592
17566144
17564640
17560192
17558720
17552800
17552800
17546880
17542432
17540960
17536512
17535040
17530592
17529120
17523200
17518752
17517280
17512832
17511360
17506912
17505440
17500992
17495072
17493600
17489152
17487680
17483232
17481760
17477344
17475872
17471424
17465504
17464032
17459616
17458112
17453696
17452224
17446304
17446304
17440416
17440416
17434496
17430080
17428608
17424160
17422688
17418272
17412352
17412352
17406464
17404992
17400544
17399072
17394656
17393184
17388768
17387296
17382880
17381408
17375488
17371072
17369600
17365184
17363712
17359296
17357824
17353408
17351936
17346048
17341632
17340160
17335744
17334272
17329856
17328384
17323968
17318080
17318080
17312192
17310720
17306304
17304832
17300416
17298944
17294528
17293056
17288640
17282784
17282784
17276896
17275424
17271008
17269536
17265152
17263680
17259264
17257792
17253376
17251936
17247520
17246048
17240192
17240192
17234304
17229888
17228448
17224032
17222560
17218176
17216704
17212288
17210816
17206432
17200576
17200576
17194688
17194688
17188832
17187360
17182976
17181504
17177120
17175648
17171264
17169792
17165376
17163936
17159520
17158080
17152224
17152224
17146368
17141952
17140512
17136096
17134656
17130240
17128800
17124384
17122944
17118560
17117088
17111232
17111232
17105376
17105376
17099552
17099552
17093696
17089312
17087840
17083456
17081984
17077600
17076160
17071776
17070304
17065920
17064480
17060096
17058624
17054240
17052800
17048416
17042560
17042560
17036736
17036736
17030880
17030880
17025056
17025056
17019232
17017760
17013376
17011936
17007552
17006112
17001728
17000256
16995904
16994432
16990048
16988608
16984224
16982784
16978400
16976960
16972576
16971136
16966752
16960928
16960928
16955104
16953664
16949280
16947840
16943456
16942016
16937632
16936192
16931808
16930368
16926016
16924544
16920192
16918720
16914368
16912928
16908544
16907104
16902720
16901280
16896928
16895456
16891104
16889664
16885312
16883840
16879488
16878048
16873664
16872224
16867872
16862048
16862048
16856256
16856256
16850432
16850432
16844640
16844640
16843200
16837376
16837376
16831584
16831584
16825792
16825792
16820000
16820000
16815648
16809824
16809824
16804032
16804032
16798240
16798240
16792448
16791008
16791008
16785216
16785216
16779424
16779424
16773632
16769280
16767840
16763488
16763488
16757696
16757696
16751904
16751904
16746112
16746112
16740320
16740320
16734528
16733088
16728768
16727328
16722976
16721536
16717184
16715744
16711424
16709952
16705632
16704192
16704192
16698400
16698400
16692640
16692640
16686848
16686848
16681088
16676736
16675296
16675296
16669536
16669536
16665184
16663744
16659424
16657984
16653632
16652192
16647872
16646432
16642112
16640672
16636352
16634912
16630560
16629120
16624800
16623360
16619040
16617600
16613280
16611840
16607520
16606080
16601760
16600320
16596000
16594560
16590240
16588800
16584480
16583040
16578720
16577280
16572960
16571520
16567200
16567200
16561440
16561440
16560000
16554240
16554240
16549920
16548480
16544160
16542752
16538432
16536992
16532672
16531232
16526912
16525472
16521184
16519744
16515424
16513984
16509664
16508256
16503936
16502496
16498176
16496768
16492448
16491008
16491008
16485280
16485280
16480960
16479520
16475232
16473792
16469472
16468032
16463744
16462304
16458016
16456576
16452256
16450848
16446528
16445088
16440800
16439360
16435072
16435072
16433632
16427904
16427904
16423584
16422176
16417856
16416448
16412128
16410720
16406400
16404992
16400672
16399264
16394944
16393536
16393536
16387808
16387808
16382080
16382080
16376352
16376352
16372064
16370624
16366336
16364896
16360608
16359200
16354880
16353472
16349184
16347744
16343456
16342016
16342016
16336320
16336320
16332032
16330592
16326304
16324896
16320608
16319168
16314880
16313472
16309184
16307744
16303456
16303456
16302048
16297760
16296320
16292032
16290624
16286336
16284896
16280640
16279200
16274912
16274912
16269216
16267808
16267808
16263520
16262080
16257824
16256384
16252096
16250688
16246400
16244992
16240704
16239296
16235008
16235008
16229312
16229312
16227904
16223616
16217920
16217920
16216512
16212224
16210816
16210816
16205120
16200832
16199424
16199424
16195136
16193728
16189472
16188032
16183776
16182336
16178080
16176672
16176672
16170976
16170976
16166688
16165280
16161024
16159584
16155328
16153920
16149664
16148224
16143968
16143968
16142560
16138272
16136864
16132608
16131200
16126912
16125504
16125504
16119840
16119840
16114144
16114144
16109888
16108480
16104224
16102784
16098528
16097120
16092864
16092864
16087200
16087200
16085792
16081536
16080096
16075840
16074432
16070176
16068768
16064512
16064512
16063104
16058848
16057440
16053184
16051776
16051776
16046112
16041856
16041856
16040448
16036192
16034784
16030528
16029120
16029120
16024864
16023456
16019200
16017792
16013536
16012128
16007872
16006464
16002208
16002208
16000800
15996576
15995168
15990912
15989504
15985248
15983840
15979616
15979616
15978176
15973952
15972544
15968288
15966880
15962656
15962656
15961248
15956992
15955584
15951360
15949952
15949952
15944288
15944288
15940064
15938656
15934400
15932992
15928768
15927360
15923104
15923104
15917472
15917472
15916064
15911840
15910432
15906208
15904800
15904800
15900544
15899136
15894912
15893504
15889280
15889280
15887872
15883648
15882240
15878016
15876608
15872384
15872384
15870976
15866752
15865344
15861120
15859712
15855488
15855488
15854080
15849856
15848448
15844224
15842816
15838592
15837184
15837184
15832960
15831552
15827328
15825920
15821696
15820288
15820288
15816064
15814688
15810464
15809056
15804832
15803424
15803424
15799200
15797792
15793600
15792192
15792192
15787968
15786560
15782336
15780960
15776736
15776736
15771104
15771104
15769728
15765504
15764096
15759872
15758496
15758496
15754272
15752864
15748672
15747264
15743040
15741632
15741632
15737440
15736032
15731840
15730432
15730432
15726208
15724832
15720608
15719200
15715008
15715008
15709408
15709408
15708000
15703808
15702400
15702400
15698176
15696800
15692576
15691200
15686976
15685600
15685600
15681376
15680000
15675776
15674400
15674400
15670176
15668800
15664576
15663200
15658976
15658976
15653408
15653408
15652000
15647808
15646400
15646400
15642208
15640800
15636608
15635232
15631008
15631008
15629632
15625440
15624032
15619840
15619840
15618432
15614240
15612864
15612864
15608672
15607264
15603072
15601696
15597504
15596096
15596096
15591904
15590528
15586336
15586336
15580736
15580736
15579360
15575168
15573760
15573760
15569568
15568192
15564000
15562592
15562592
15558432
15557024
15552832
15551456
15547264
15547264
15545888
15541696
15540288
15540288
15534720
15534720
15530528
15530528
15524960
15524960
15523584
15519392
15518016
15518016
15513824
15512448
15508256
15506880
15506880
15502688
15501312
15497120
15495744
15491552
15491552
15490176
15485984
15484608
15484608
15480416
15479040
15474848
15473472
15473472
15469312
15467904
15463744
15462336
15458176
15458176
15456800
15452608
15451232
15447040
15447040
15445664
15441504
15440096
15440096
15435936
15434560
15430400
15428992
15428992
15424832
15423456
15419264
15419264
15417888
15413728
15412352
15408160
15408160
15406784
15402624
15401248
15397056
15397056
15395680
15391520
15390144
15390144
15385984
15384576
15380416
15380416
15379040
15374880
15373504
15373504
15369344
15367968
15363808
15363808
15362400
15358240
15356864
15352704
15352704
15351328
15347168
15345792
15345792
15341632
15340256
15336096
15334720
15334720
15330560
15329184
15325024
15325024
15323648
15319488
15318112
15313952
15313952
15312576
15308416
15307040
15307040
15302880
15301504
15301504
15297344
15295968
15291808
15291808
15286272
15286272
15284896
15280768
15279392
15279392
15275232
15273856
15269696
15269696
15268320
15264192
15262784
15262784
15258656
15257280
15257280
15253120
15251744
15247616
15247616
15242080
15242080
15240704
15240704
15235200
15235200
15231040
15229664
15225536
15225536
15224160
15220000
15220000
15218624
15214496
15213120
15213120
15208960
15207584
15203456
15202080
15202080
15197952
15196576
15196576
15192448
15191072
15186912
15186912
15185536
15181408
15180032
15180032
15175904
15174528
15174528
15170400
15169024
15164896
15164896
15163520
15159392
15158016
15153888
15153888
15152512
15148384
15148384
15147008
15142880
15141504
15141504
15137376
15136000
15131872
15131872
15130496
15126368
15126368
15124992
15120864
15119488
15115360
15115360
15113984
15109856
15109856
15108480
15104352
15104352
15098880
15098880
15097504
15093376
15093376
15092000
15087872
15087872
15086496
15082400
15081024
15081024
15076896
15075520
15075520
15071392
15070048
15065920
15065920
15064544
15060416
15059072
15059072
15054944
15053568
15049440
15049440
15048096
15043968
15042592
15042592
15038496
15037120
15032992
15032992
15031616
15031616
15027520
15026144
15022048
15022048
15020672
15016544
15015200
15015200
15011072
15011072
15009696
15005600
15004224
15000128
15000128
14998752
14998752
14994656
14993280
14989152
14987808
14987808
14983680
14983680
14982336
14978208
14976864
14972736
14972736
14971392
14967264
14967264
14965920
14961792
14960448
14960448
14956320
14954976
14954976
14950848
14949504
14949504
14945408
14944032
14939936
14939936
14938560
